# Benchmark Meal Scenario
# Fixed scenario, no randomness.
meal_protocol:  # Global Meal Scenario, applicable when individuals meals are not assigned.
  probability: [1, -1, 1, -1, 1, -1]  # [0,1], can meal
  amount_mu: [40, 10, 80, 10, 60, 10]  # meal mu, sigma in grams.
  amount_sigma: [0.00000001, 0.00000001, 0.00000001, 0.00000001, 0.00000001, 0.00000001] # parse e-08
  time_lower_bound: [5, 9, 10, 14, 16, 20]  # times are in 24-hour format
  time_upper_bound: [9, 10, 14, 16, 20, 23]
  time_mu: [8, 9.5, 13, 15, 20, 21.5]
  time_sigma: [0.00000001, 0.00000001, 0.00000001, 0.00000001, 0.00000001, 0.00000001]  # minutes